# name: debug
# type: sparse matrix
# nnz: 7571
# rows: 571
# columns: 571

1 1 87200
2 1 0
3 1 0
12 1 -400
13 1 0
14 1 -400
15 1 0
16 1 -400
17 1 0
18 1 -400
19 1 0
20 1 -800
21 1 0
22 1 -400
23 1 0
24 1 -400
25 1 0
26 1 -400
27 1 0
30 1 -400
31 1 0
32 1 -400
33 1 0
34 1 -400
35 1 0
36 1 -400
37 1 0
40 1 -400
41 1 0
44 1 -400
45 1 0
46 1 -400
47 1 0
48 1 -400
49 1 0
50 1 -400
51 1 0
52 1 -400
53 1 0
56 1 -400
57 1 0
58 1 -400
59 1 0
60 1 -400
61 1 0
62 1 -400
63 1 0
64 1 -400
65 1 0
66 1 -800
67 1 0
68 1 -400
69 1 0
70 1 -400
71 1 0
72 1 -400
73 1 0
78 1 -800
79 1 0
80 1 -400
81 1 0
82 1 -400
83 1 0
84 1 -800
85 1 0
86 1 -400
87 1 0
88 1 -400
89 1 0
92 1 -400
93 1 0
94 1 -400
95 1 0
96 1 -400
97 1 0
98 1 -400
99 1 0
100 1 -800
101 1 0
106 1 -400
107 1 0
108 1 -400
109 1 0
110 1 -400
111 1 0
112 1 -400
113 1 0
114 1 -400
115 1 0
116 1 -400
117 1 0
118 1 -400
119 1 0
120 1 -400
121 1 0
122 1 -400
123 1 0
126 1 -400
127 1 0
134 1 -400
135 1 0
136 1 -400
137 1 0
138 1 -400
139 1 0
140 1 -400
141 1 0
142 1 -400
143 1 0
144 1 -400
145 1 0
148 1 -400
149 1 0
150 1 -400
151 1 0
152 1 -400
153 1 0
154 1 -400
155 1 0
156 1 -400
157 1 0
158 1 -400
159 1 0
160 1 -400
161 1 0
162 1 -400
163 1 0
166 1 -400
167 1 0
168 1 -400
169 1 0
174 1 -400
175 1 0
176 1 -400
177 1 0
178 1 -400
179 1 0
180 1 -400
181 1 0
182 1 -400
183 1 0
184 1 -400
185 1 0
186 1 -400
187 1 0
188 1 -800
189 1 0
190 1 -400
191 1 0
192 1 -400
193 1 0
194 1 -400
195 1 0
196 1 -400
197 1 0
198 1 -400
199 1 0
200 1 -800
201 1 0
202 1 -800
203 1 0
204 1 -400
205 1 0
206 1 -400
207 1 0
208 1 -400
209 1 0
210 1 -400
211 1 0
212 1 -400
213 1 0
218 1 -400
219 1 0
222 1 -400
223 1 0
228 1 -400
229 1 0
230 1 -400
231 1 0
232 1 -400
233 1 0
238 1 -400
239 1 0
240 1 -400
241 1 0
242 1 -400
243 1 0
244 1 -400
245 1 0
246 1 -400
247 1 0
248 1 -400
249 1 0
250 1 -400
251 1 0
252 1 -400
253 1 0
254 1 -400
255 1 0
256 1 -400
257 1 0
258 1 -400
259 1 0
260 1 -400
261 1 0
262 1 -400
263 1 0
264 1 -400
265 1 0
266 1 -400
267 1 0
268 1 -400
269 1 0
270 1 -400
271 1 0
272 1 -400
273 1 0
274 1 -400
275 1 0
276 1 -400
277 1 0
278 1 -400
279 1 0
284 1 -400
285 1 0
286 1 -400
287 1 0
288 1 -400
289 1 0
290 1 -400
291 1 0
292 1 -400
293 1 0
298 1 -400
299 1 0
300 1 -400
301 1 0
302 1 -400
303 1 0
304 1 -400
305 1 0
306 1 -400
307 1 0
308 1 -400
309 1 0
310 1 -400
311 1 0
312 1 -400
313 1 0
314 1 -400
315 1 0
322 1 -400
323 1 0
324 1 -400
325 1 0
326 1 -400
327 1 0
328 1 -400
329 1 0
330 1 -400
331 1 0
332 1 -400
333 1 0
334 1 -400
335 1 0
336 1 -400
337 1 0
338 1 -400
339 1 0
340 1 -400
341 1 0
342 1 -400
343 1 0
344 1 -400
345 1 0
346 1 -400
347 1 0
348 1 -400
349 1 0
350 1 -400
351 1 0
352 1 -400
353 1 0
354 1 -400
355 1 0
356 1 -400
357 1 0
358 1 -400
359 1 0
360 1 -400
361 1 0
362 1 -400
363 1 0
364 1 -400
365 1 0
366 1 -400
367 1 0
368 1 -400
369 1 0
370 1 -400
371 1 0
372 1 -400
373 1 0
374 1 -400
375 1 0
376 1 -400
377 1 0
378 1 -400
379 1 0
380 1 -400
381 1 0
382 1 -400
383 1 0
384 1 -400
385 1 0
386 1 -400
387 1 0
388 1 -400
389 1 0
390 1 -400
391 1 0
392 1 -400
393 1 0
394 1 -400
395 1 0
396 1 -400
397 1 0
398 1 -400
399 1 0
400 1 -400
401 1 0
402 1 -400
403 1 0
404 1 -400
405 1 0
406 1 -400
407 1 0
408 1 -400
409 1 0
410 1 -400
411 1 0
412 1 -400
413 1 0
414 1 -400
415 1 0
416 1 -400
417 1 0
418 1 -400
419 1 0
420 1 -400
421 1 0
422 1 -400
423 1 0
424 1 -400
425 1 0
426 1 -400
427 1 0
428 1 -400
429 1 0
430 1 -400
431 1 0
432 1 -400
433 1 0
434 1 -400
435 1 0
436 1 -400
437 1 0
438 1 -400
439 1 0
440 1 -400
441 1 0
442 1 -400
443 1 0
444 1 -400
445 1 0
446 1 -400
447 1 0
448 1 -400
449 1 0
450 1 -400
451 1 0
452 1 -400
453 1 0
454 1 -400
455 1 0
456 1 -400
457 1 0
458 1 -400
459 1 0
460 1 -400
461 1 0
462 1 -400
463 1 0
464 1 -400
465 1 0
466 1 -400
467 1 0
468 1 -400
469 1 0
470 1 -400
471 1 0
472 1 -400
473 1 0
474 1 -400
475 1 0
476 1 -400
477 1 0
478 1 -400
479 1 0
480 1 -400
481 1 0
482 1 -400
483 1 0
484 1 -400
485 1 0
486 1 -400
487 1 0
488 1 -400
489 1 0
490 1 -400
491 1 0
492 1 -400
493 1 0
1 2 0
2 2 87200
3 2 0
12 2 0
13 2 -400
14 2 0
15 2 -400
16 2 0
17 2 -400
18 2 0
19 2 -400
20 2 0
21 2 -800
22 2 0
23 2 -400
24 2 0
25 2 -400
26 2 0
27 2 -400
30 2 0
31 2 -400
32 2 0
33 2 -400
34 2 0
35 2 -400
36 2 0
37 2 -400
40 2 0
41 2 -400
44 2 0
45 2 -400
46 2 0
47 2 -400
48 2 0
49 2 -400
50 2 0
51 2 -400
52 2 0
53 2 -400
56 2 0
57 2 -400
58 2 0
59 2 -400
60 2 0
61 2 -400
62 2 0
63 2 -400
64 2 0
65 2 -400
66 2 0
67 2 -800
68 2 0
69 2 -400
70 2 0
71 2 -400
72 2 0
73 2 -400
78 2 0
79 2 -800
80 2 0
81 2 -400
82 2 0
83 2 -400
84 2 0
85 2 -800
86 2 0
87 2 -400
88 2 0
89 2 -400
92 2 0
93 2 -400
94 2 0
95 2 -400
96 2 0
97 2 -400
98 2 0
99 2 -400
100 2 0
101 2 -800
106 2 0
107 2 -400
108 2 0
109 2 -400
110 2 0
111 2 -400
112 2 0
113 2 -400
114 2 0
115 2 -400
116 2 0
117 2 -400
118 2 0
119 2 -400
120 2 0
121 2 -400
122 2 0
123 2 -400
126 2 0
127 2 -400
134 2 0
135 2 -400
136 2 0
137 2 -400
138 2 0
139 2 -400
140 2 0
141 2 -400
142 2 0
143 2 -400
144 2 0
145 2 -400
148 2 0
149 2 -400
150 2 0
151 2 -400
152 2 0
153 2 -400
154 2 0
155 2 -400
156 2 0
157 2 -400
158 2 0
159 2 -400
160 2 0
161 2 -400
162 2 0
163 2 -400
166 2 0
167 2 -400
168 2 0
169 2 -400
174 2 0
175 2 -400
176 2 0
177 2 -400
178 2 0
179 2 -400
180 2 0
181 2 -400
182 2 0
183 2 -400
184 2 0
185 2 -400
186 2 0
187 2 -400
188 2 0
189 2 -800
190 2 0
191 2 -400
192 2 0
193 2 -400
194 2 0
195 2 -400
196 2 0
197 2 -400
198 2 0
199 2 -400
200 2 0
201 2 -800
202 2 0
203 2 -800
204 2 0
205 2 -400
206 2 0
207 2 -400
208 2 0
209 2 -400
210 2 0
211 2 -400
212 2 0
213 2 -400
218 2 0
219 2 -400
222 2 0
223 2 -400
228 2 0
229 2 -400
230 2 0
231 2 -400
232 2 0
233 2 -400
238 2 0
239 2 -400
240 2 0
241 2 -400
242 2 0
243 2 -400
244 2 0
245 2 -400
246 2 0
247 2 -400
248 2 0
249 2 -400
250 2 0
251 2 -400
252 2 0
253 2 -400
254 2 0
255 2 -400
256 2 0
257 2 -400
258 2 0
259 2 -400
260 2 0
261 2 -400
262 2 0
263 2 -400
264 2 0
265 2 -400
266 2 0
267 2 -400
268 2 0
269 2 -400
270 2 0
271 2 -400
272 2 0
273 2 -400
274 2 0
275 2 -400
276 2 0
277 2 -400
278 2 0
279 2 -400
284 2 0
285 2 -400
286 2 0
287 2 -400
288 2 0
289 2 -400
290 2 0
291 2 -400
292 2 0
293 2 -400
298 2 0
299 2 -400
300 2 0
301 2 -400
302 2 0
303 2 -400
304 2 0
305 2 -400
306 2 0
307 2 -400
308 2 0
309 2 -400
310 2 0
311 2 -400
312 2 0
313 2 -400
314 2 0
315 2 -400
322 2 0
323 2 -400
324 2 0
325 2 -400
326 2 0
327 2 -400
328 2 0
329 2 -400
330 2 0
331 2 -400
332 2 0
333 2 -400
334 2 0
335 2 -400
336 2 0
337 2 -400
338 2 0
339 2 -400
340 2 0
341 2 -400
342 2 0
343 2 -400
344 2 0
345 2 -400
346 2 0
347 2 -400
348 2 0
349 2 -400
350 2 0
351 2 -400
352 2 0
353 2 -400
354 2 0
355 2 -400
356 2 0
357 2 -400
358 2 0
359 2 -400
360 2 0
361 2 -400
362 2 0
363 2 -400
364 2 0
365 2 -400
366 2 0
367 2 -400
368 2 0
369 2 -400
370 2 0
371 2 -400
372 2 0
373 2 -400
374 2 0
375 2 -400
376 2 0
377 2 -400
378 2 0
379 2 -400
380 2 0
381 2 -400
382 2 0
383 2 -400
384 2 0
385 2 -400
386 2 0
387 2 -400
388 2 0
389 2 -400
390 2 0
391 2 -400
392 2 0
393 2 -400
394 2 0
395 2 -400
396 2 0
397 2 -400
398 2 0
399 2 -400
400 2 0
401 2 -400
402 2 0
403 2 -400
404 2 0
405 2 -400
406 2 0
407 2 -400
408 2 0
409 2 -400
410 2 0
411 2 -400
412 2 0
413 2 -400
414 2 0
415 2 -400
416 2 0
417 2 -400
418 2 0
419 2 -400
420 2 0
421 2 -400
422 2 0
423 2 -400
424 2 0
425 2 -400
426 2 0
427 2 -400
428 2 0
429 2 -400
430 2 0
431 2 -400
432 2 0
433 2 -400
434 2 0
435 2 -400
436 2 0
437 2 -400
438 2 0
439 2 -400
440 2 0
441 2 -400
442 2 0
443 2 -400
444 2 0
445 2 -400
446 2 0
447 2 -400
448 2 0
449 2 -400
450 2 0
451 2 -400
452 2 0
453 2 -400
454 2 0
455 2 -400
456 2 0
457 2 -400
458 2 0
459 2 -400
460 2 0
461 2 -400
462 2 0
463 2 -400
464 2 0
465 2 -400
466 2 0
467 2 -400
468 2 0
469 2 -400
470 2 0
471 2 -400
472 2 0
473 2 -400
474 2 0
475 2 -400
476 2 0
477 2 -400
478 2 0
479 2 -400
480 2 0
481 2 -400
482 2 0
483 2 -400
484 2 0
485 2 -400
486 2 0
487 2 -400
488 2 0
489 2 -400
490 2 0
491 2 -400
492 2 0
493 2 -400
1 3 0
2 3 0
3 3 0
12 3 0
13 3 0
14 3 0
15 3 0
